5 60
60
21 1 120
21 1 129
21 1 250
21 1 130
21 1 119
21 1 120
21 1 129
21 1 250
21 1 130
21 1 119
21 1 120
21 1 129
21 1 250
21 1 130
21 1 119
21 1 120
21 1 129
21 1 250
21 1 130
21 1 119
21 1 120
21 1 129
21 1 250
21 1 130
21 1 119
21 1 120
21 1 129
21 1 250
21 1 130
21 1 119
21 1 120
21 1 129
21 1 250
21 1 130
21 1 119
21 1 120
21 1 129
21 1 250
21 1 130
21 1 119
21 1 120
21 1 129
21 1 250
21 1 130
21 1 119
21 1 120
21 1 129
21 1 250
21 1 130
21 1 119
21 1 120
21 1 129
21 1 250
21 1 130
21 1 119
21 1 120
21 1 129
21 1 250
21 1 130
21 1 119
